   2.718281828459046
   2.719582406048220
   2.723384418044010
   2.729552950276897
   2.737970532371583
   2.748534856249806
   2.761156857211514
   2.775759092588693
   2.792274365969473
   2.810644555139259
   2.830819609859889
   2.852756691913235
   2.876419434851329
   2.901777304907705
   2.928805047752320
   2.957482208381986
   2.987792713558710
   3.019724507939318
   3.053269236459266
   3.088421966702614
   3.125180945956973
   3.163547388454937
   3.203525288972544
   3.245121259514914
   3.288344386288988
   3.333206104558937
   3.379720089314199
   3.427902159963522
   3.477770197509393
   3.529344072862789
   3.582645585133954
   3.637698408885695
   3.694528049465325
   3.753161805643193
   3.813628738882372
   3.875959648647854
   3.940187053236360
   4.006345175671236
   4.074469934262280
   4.144598937478714
   4.216771482826012
   4.291028559454639
   4.367412854261644
   4.445968761275141
   4.526742394137412
   4.609781601525279
   4.695135985366614
   4.782856921730088
   4.872997584281389
   4.965612970213705
   5.060759928573320
   5.158497190912946
   5.258885404216036
   5.361987166044995
   5.467867061874955
   5.576591704582802
   5.688229776068426
   5.802852070991968
   5.920531542616940
   6.041343350754911
   6.165364911812746
   6.292675950948344
   6.423358556345493
   6.557497235622811
   6.695178974395890
